1 1 130.9944444 24.2375
2 1 153.75 30.3375
3 1 119.9590164 23.3375
4 1 137.6556604 27.7125
5 1 112.7029703 23.1
6 1 122.675 26.7625
7 1 133.5652174 29.4625
8 1 131.6605505 27.6625
9 1 130.2906977 26.175
10 1 141.0048077 30.2875
11 1 142.576200 31.3125
12 1 139.494186 30.575
13 1 116 23.3
14 1 135.2242991 27.55
15 1 118.8316832 22.1875
16 1 101.5 23.3375
17 1 144.5714286 31.3625
18 1 128.4479167 27.4625
19 1 127.5309278 25.725
20 1 134.4114583 28.4875
1 2 127.8585859 24.275
2 2 153.1686747 30.8
3 2 123.2093023 23.7875
4 2 136.4264706 28.5
5 2 112.6458333 23.125
6 2 127.665 27.2
7 2 132.2058824 28.4625
8 2 123.22 28.5375
9 2 130.6972477 27.35
10 2 140.0990099 29.825
11 2 142.5761905 31.0875
12 2 146.46875 31.225
13 2 116.7772277 24.825
14 2 135.6105769 28.49
15 2 119.0471698 22.2875
16 2 118.5291262 24.5125
17 2 143.640625 31.625
18 2 125.7921348 26.55
19 2 124.5 27.35
20 2 133.7934783 28.9375
1 3 133.0568182 25.7875
2 3 147.6898734 31.8375
3 3 115.9471154 24.8125
4 3 133.6336634 27.975
5 3 114.845 23.0875
6 3 125.335 28.375
7 3 130.1030928 29.9875
8 3 132.6650943 27.3125
9 3 129.5952381 26.8625
10 3 138.3191489 30.725
11 3 142.8351064 30.225
12 3 142.4142857 29.9875
13 3 113.5735294 24.975
14 3 135.6869159 29.2
15 3 115.1651376 22.65
16 3 117.5792079 24.675
17 3 143.2736842 31.775
18 3 127.1263158 28.2875
19 3 127.0108696 27.05
20 3 130.1649485 27.75
